param c:=
	1	660
	2	1180
	3	2100
	4	950
	5	560
	6	440
	7	1440
	8	400
	9	800
;
param d:=
	1	65
	2	66
	3	362
	4	700
	5	75
	6	400
	7	1000
	8	18
;
param a :	
		1	2	3	4	5	6	7	8:=
1	 3.3 	 3.2 	 4.8 	0.52	0.3	0.21	123	0.1
2	 13.5 	 10.0 	 4.0 	226	0	51.2	100	2.4
3	20.6	1.6	57.3	85	26	88	260	2
4	 6.4 	 0.8 	 79.7 	 0 	 0 	 12.0 	 14.0 	 0.8 
5	 12.2 	 0.3 	 74.6 	 0 	 0 	 4.0 	 24.0 	 3.6 
6	 0.9 	 0.5 	 8.1 	 1346.0 	 6.0 	 10.0 	 41.0 	 0.7 
7	 0.3 	 0.3 	 14.5 	 4.0 	 10.0 	 5.0 	 6.0 	 0.4 
8	 0.7 	 0.3 	 8.7 	 40.0 	 50.0 	 37.0 	 36.0 	 0.3 
9	 0 	 82.9 	 0 	 5.6 	 0 	 3.0 	 0 	 0  
;